0.075     50.8733
0.1     35.873
0.125     27.5078
0.15     22.3345
0.175     17.8528
0.2     15.2553
0.225     12.8653
0.25     10.123
0.275     8.80378
0.3     7.75193
0.325     6.69907
0.35     6.06765
0.375     5.26051
0.4     4.90258
0.425     4.59714
0.45     3.9496
0.475     3.74504
0.5     3.71442
0.525     3.44552
0.55     2.98737
0.575     2.69823
0.6     2.50635
0.625     2.14182
0.65     2.13149
0.675     1.85229
0.7     1.79953
0.725     1.64083
0.75     1.52326
0.775     1.65392
0.8     1.33809
0.825     1.39835
0.85     1.32198
0.875     1.31437
0.9     1.10084
0.925     1.02742
0.95     1.18895
0.975     1.12344
1     1
1.025     0.922543
1.05     0.824115
1.075     0.728874
1.1     0.761775
1.125     0.754333
1.15     0.672664
1.175     0.741602
1.2     0.681235
1.225     0.596489
1.25     0.60312
1.275     0.619706
1.3     0.642101
1.325     0.816666
1.35     0.647599
1.375     0.632486
1.4     0.47357
1.425     0.474411
1.45     0.534061
1.475     0.512067
1.5     0.487112
1.525     0.418817
1.55     0.4659
1.575     0.383658
1.6     0.355498
1.625     0.361567
1.65     0.360671
1.675     0.410363
1.7     0.452627
1.725     0.35411
1.75     0.431092
1.775     0.358339
1.8     0.376148
1.825     0.311308
1.85     0.296759
1.875     0.331409
1.9     0.280733
1.925     0.263882
1.95     0.256592
1.975     0.243495
2     0.278664
2.025     0.303734
2.05     0.245979
2.075     0.231772
2.1     0.210238
2.125     0.243291
2.15     0.239309
2.175     0.238413
2.2     0.26417
2.225     0.205528
2.25     0.192769
2.275     0.207624
2.3     0.174294
2.325     0.198104
2.35     0.189333
2.375     0.186975
2.4     0.235449
2.425     0.222964
2.45     0.18502
2.475     0.210093
2.5     0.24364
2.525     0.160731
2.55     0.201655
2.575     0.166544
2.6     0.198709
2.625     0.184401
2.65     0.171204
2.675     0.174272
2.7     0.171096
2.725     0.171905
2.75     0.16078
2.775     0.166912
2.8     0.162309
2.825     0.15049
2.85     0.131702
2.875     0.154228
2.9     0.155949
2.925     0.156477
2.95     0.164331
2.975     0.129449
3     0.149541
3.025     0.117453
3.05     0.157102
3.075     0.105588
3.1     0.0956071
3.125     0.130764
3.15     0.148406
3.175     0.192024
3.2     0.111461
3.225     0.10733
3.25     0.106586
3.275     0.10516
3.3     0.127417
3.325     0.0945527
3.35     0.0830347
3.375     0.103184
3.4     0.0975741
3.425     0.0952327
3.45     0.0893071
3.475     0.107123
3.5     0.115017
3.525     0.0806751
3.55     0.121134
3.575     0.0796275
3.6     0.0911784
3.625     0.101443
3.65     0.0943242
3.675     0.0694776
3.7     0.0811886
3.725     0.0697977
3.75     0.0617639
3.775     0.0666622
3.8     0.0740962
3.825     0.0692086
3.85     0.073794
3.875     0.096897
3.9     0.129873
3.925     0.0980527
3.95     0.0916289
3.975     0.0816653
4     0.100977
4.025     0.0870695
4.05     0.0713236
4.075     0.0840124
4.1     0.082092
4.125     0.0893016
4.15     0.0855533
4.175     0.0901571
4.2     0.0770154
4.225     0.0711067
4.25     0.072337
4.275     0.0524987
4.3     0.0781148
4.325     0.0731798
4.35     0.0748561
4.375     0.0731693
4.4     0.0809702
4.425     0.0641036
4.45     0.0586536
4.475     0.0446055
4.5     0.0689149
4.525     0.0761806
4.55     0.0592151
4.575     0.0544445
4.6     0.0751319
4.625     0.0612537
4.65     0.0457731
4.675     0.0608703
4.7     0.0676846
4.725     0.0533017
4.75     0.0475731
4.775     0.0613044
4.8     0.056453
4.825     0.0574508
4.85     0.0522892
4.875     0.0418964
4.9     0.0357805
4.925     0.042991
4.95     0.0401933
4.975     0.046542
5     0.0382028
5.025     0.0478094
5.05     0.0395851
5.075     0.0484477
5.1     0.0370069
5.125     0.0534262
5.15     0.058795
5.175     0.0481524
5.2     0.0400637
5.225     0.0613962
5.25     0.0625249
5.275     0.0514379
5.3     0.060773
5.325     0.0433347
5.35     0.0534101
5.375     0.0411396
5.4     0.0540871
5.425     0.0459079
5.45     0.045809
5.475     0.0480817
5.5     0.0457987
5.525     0.0449689
5.55     0.0522738
5.575     0.0455531
5.6     0.044064
5.625     0.0391071
5.65     0.0518782
5.675     0.0422003
5.7     0.0419595
5.725     0.0477649
5.75     0.0349479
5.775     0.0350315
5.8     0.0323071
5.825     0.0293814
5.85     0.0354676
5.875     0.0363553
5.9     0.0309322
5.925     0.0255583
5.95     0.0232342
5.975     0.0311759
6     0.0360546
6.025     0.0384812
6.05     0.0395877
6.075     0.0478649
6.1     0.0380105
6.125     0.0484205
6.15     0.0381272
6.175     0.0287157
6.2     0.032182
6.225     0.033054
6.25     0.0245997
6.275     0.0329511
6.3     0.0266666
6.325     0.0347187
6.35     0.0402455
6.375     0.0384573
6.4     0.0300204
6.425     0.0237375
6.45     0.0387408
6.475     0.0392235
6.5     0.0359111
6.525     0.0417984
6.55     0.0388831
6.575     0.029876
6.6     0.0296765
6.625     0.0334723
6.65     0.0293452
6.675     0.0256441
6.7     0.0274536
6.725     0.0237917
6.75     0.0282765
6.775     0.0319726
6.8     0.0342423
6.825     0.0255829
6.85     0.0277131
6.875     0.0403319
6.9     0.0251355
6.925     0.028681
6.95     0.031718
6.975     0.0318346
7     0.0323609
7.025     0.0278904
7.05     0.0339606
7.075     0.0253644
7.1     0.0229892
7.125     0.028504
7.15     0.0317552
7.175     0.033447
7.2     0.026245
7.225     0.0409408
7.25     0.0311407
7.275     0.0329913
7.3     0.0299927
7.325     0.0332485
7.35     0.029996
7.375     0.0316105
7.4     0.031522
7.425     0.0344074
7.45     0.0361074
7.475     0.0374872
7.5     0.0319309
7.525     0.028687
7.55     0.0232866
7.575     0.0185443
7.6     0.0221222
7.625     0.0275422
7.65     0.0210776
7.675     0.0170614
7.7     0.0267481
7.725     0.0278733
7.75     0.0394377
7.775     0.0305047
7.8     0.0227255
7.825     0.01815
7.85     0.0217332
7.875     0.0227019
7.9     0.0287233
7.925     0.0225522
7.95     0.0190369
7.975     0.0191421
8     0.0273108
8.025     0.0241886
8.05     0.0232134
8.075     0.0162149
8.1     0.0205393
8.125     0.0210726
8.15     0.0205116
8.175     0.0193937
8.2     0.0232232
8.225     0.0174576
8.25     0.0209153
8.275     0.0285905
8.3     0.0231277
8.325     0.0220942
8.35     0.0221011
8.375     0.028807
8.4     0.0242181
8.425     0.0232506
8.45     0.0324753
8.475     0.0154851
8.5     0.0206683
8.525     0.0210181
8.55     0.0202035
8.575     0.0260095
8.6     0.0240487
8.625     0.026405
8.65     0.0223364
8.675     0.0174829
8.7     0.0196091
8.725     0.0208761
8.75     0.0275903
8.775     0.0207741
8.8     0.025008
8.825     0.0214848
8.85     0.0219876
8.875     0.0161164
8.9     0.0205218
8.925     0.0258334
8.95     0.0209618
8.975     0.0222801
9     0.0300541
9.025     0.023891
9.05     0.0203998
9.075     0.0253217
9.1     0.0237173
9.125     0.0216628
9.15     0.0180875
9.175     0.0132923
9.2     0.0207466
9.225     0.0191239
9.25     0.0210949
9.275     0.0246135
9.3     0.0256071
9.325     0.01438
9.35     0.0133915
9.375     0.0101033
9.4     0.015514
9.425     0.0177958
9.45     0.0162231
9.475     0.0252361
9.5     0.0214607
9.525     0.0153116
9.55     0.0146839
9.575     0.0256209
9.6     0.0192144
9.625     0.0184116
9.65     0.0161114
9.675     0.0141943
9.7     0.0171583
9.725     0.0149027
9.75     0.0196242
9.775     0.0208501
9.8     0.0122236
9.825     0.0154373
9.85     0.0148607
9.875     0.0185504
9.9     0.017112
9.925     0.0202554
9.95     0.0160284
9.975     0.0123443
10     0.0117641
