10     1780.84
20     1140.76
30     1056.86
40     812.781
50     596.442
60     532.204
70     464.913
80     420.911
90     385.547
100     327.423
110     368.517
120     292.701
130     275.578
140     282.764
150     248.66
160     202.308
170     232.784
180     217.856
190     240.581
200     216.639
210     186.656
220     187.511
230     178.012
240     204.276
250     164.493
260     171.632
270     191.746
280     163.267
290     155.461
300     159.241
310     151.042
320     132.864
330     150.214
340     121.181
350     170.723
360     109.735
370     138.073
380     130.8
390     126.16
400     133.934
410     84.5068
420     82.0033
430     51.7268
440     54.3058
450     46.4697
460     32.7023
470     43.7671
480     25.1891
490     24.8117
500     14.5284
510     16.1
520     10.1785
530     10.5114
540     4.80674
550     2.58659
560     2.04412
